CCSDS_OEM_VERS = 2.0
CREATION_DATE  = 2026-08-12T18:24:06.310
ORIGINATOR     = NASA/JSC/FOD/TOPO

META_START
OBJECT_NAME          = ISS
OBJECT_ID            = 1998-067-A
CENTER_NAME          = Earth
REF_FRAME            = EME2000
TIME_SYSTEM          = UTC
START_TIME           = 2026-08-12T12:00:00.000
USEABLE_START_TIME   = 2026-08-12T12:00:00.000
USEABLE_STOP_TIME    = 2026-08-27T12:00:00.000
STOP_TIME            = 2026-08-27T12:00:00.000
META_STOP

COMMENT Source: This file was produced by the TOPO office within FOD at JSC.
COMMENT Units are in kg and m^2
COMMENT MASS=469030.00
COMMENT DRAG_AREA=1525.10
COMMENT DRAG_COEFF=1.50
COMMENT SOLAR_RAD_AREA=0.00
COMMENT SOLAR_RAD_COEFF=0.00
COMMENT Orbits start at the ascending node epoch
COMMENT ISS first asc. node: EPOCH = 2026-08-12T12:05:28.270 $ ORBIT = 2048 $ LAN(DEG) = -120.95214
COMMENT ISS last asc. node : EPOCH = 2026-08-27T11:11:29.613 $ ORBIT = 2280 $ LAN(DEG) = 163.71395
COMMENT Begin sequence of events
COMMENT TRAJECTORY EVENT SUMMARY:
COMMENT 
COMMENT |       EVENT        |       TIG        | ORB |   DV    |   HA    |   HP    |
COMMENT |                    |       GMT        |     |   M/S   |   KM    |   KM    |
COMMENT |                    |                  |     |  (F/S)  |  (NM)   |  (NM)   |
COMMENT =============================================================================
COMMENT =============================================================================
COMMENT End sequence of events
2026-08-12T12:00:00.000 6456.828404691210 849.803724876817 -1945.325266300550 1.00195671135309 5.13000669255268 5.60035508569857
2026-08-12T12:04:00.000 6459.413955544990 2035.106043072840 -546.645519853925 -0.98107005339092 4.68703212089268 5.98397575493634
2026-08-12T12:08:00.000 5991.442584755650 3072.133788068400 891.940974141261 -2.89514678171808 3.90185908952813 5.93066890609204
2026-08-12T12:12:00.000 5086.574733516610 3885.133351949020 2265.281828169000 -4.59935369894797 2.83159042281049 5.44353329683539
2026-08-12T12:16:00.000 3810.649736177810 4414.724572684520 3472.897527592890 -5.96819092643556 1.55468433481012 4.55815998559479
2026-08-12T12:20:00.000 2256.788568206390 4622.332068932020 4426.497188454380 -6.90130203716847 0.16491913872776 3.33983690587528
2026-08-12T12:24:00.000 538.401778664307 4492.993533188830 5056.509243595260 -7.33094774609938 -1.23599175650672 1.87821991444649
2026-08-12T12:28:00.000 -1219.232898823630 4036.342835584060 5317.115279832860 -7.22647088028938 -2.54605097321272 0.28032545590664
2026-08-12T12:32:00.000 -2888.118035483300 3285.800496224940 5189.482095274700 -6.59594923629906 -3.67017396380109 -1.33731775978071
2026-08-12T12:36:00.000 -4346.805512940790 2296.105103724260 4683.066388963630 -5.48555341202300 -4.52687591417535 -2.85691174568061
2026-08-12T12:40:00.000 -5489.183048721570 1139.324833924710 3834.899068621350 -3.97613500113013 -5.05406474371139 -4.16782436791326
2026-08-12T12:44:00.000 -6232.169560336240 -100.350740857723 2706.912709801900 -2.17766899810181 -5.21346798375804 -5.17445227233597
2026-08-12T12:48:00.000 -6521.811599457100 -1332.727649402810 1381.456859008830 -0.22144350145177 -4.99365772031272 -5.80333027683126
2026-08-12T12:52:00.000 -6337.283512175960 -2468.212336633820 -44.728623822181 1.74948826170774 -4.41107667504631 -6.00880452296934
2026-08-12T12:56:00.000 -5692.416210397910 -3424.416570634940 -1467.672136958940 3.59127001080664 -3.50892228990106 -5.77664306153221
2026-08-12T13:00:00.000 -4634.558626536310 -4132.195369907880 -2783.864408882790 5.17016974964417 -2.35362743441193 -5.12484883755085
2026-08-12T13:04:00.000 -3240.939608236210 -4540.633838850370 -3897.842980857210 6.37245502605681 -1.02966952225462 -4.10198654470350
2026-08-12T13:08:00.000 -1612.853459541940 -4620.609159104860 -4729.079131379620 7.11245280110124 0.36698489333860 -2.78307765212418
2026-08-12T13:12:00.000 131.787840795962 -4366.705584102080 -5217.645910510250 7.33805433440173 1.73591921234791 -1.26369601037352
2026-08-12T13:16:00.000 1866.914446086470 -3797.442281983260 -5328.335085464830 7.03367306686897 2.97922723716411 0.34695529843514
2026-08-12T13:20:00.000 3467.177871486200 -2953.879751858560 -5053.042879937350 6.22083043503387 4.00799008471522 1.93345714300474
2026-08-12T13:24:00.000 4816.729321555610 -1896.752869438800 -4411.354335171470 4.95677320712597 4.74809479374123 3.38177606085405
2026-08-12T13:28:00.000 5817.424277795420 -702.288436669068 -3449.291481605140 3.33106385275657 5.14533414208452 4.58688525545778
2026-08-12T13:32:00.000 6395.971500620260 543.099635107859 -2236.250846667610 1.46014170817519 5.16962971899920 5.46026311384182
2026-08-12T13:36:00.000 6509.489575751630 1748.968519793470 -860.191028881988 -0.52049726700597 4.81779227179015 5.93678674949436
2026-08-12T13:40:00.000 6148.945952247890 2827.441922358680 578.665141075862 -2.46602224255700 4.11437077089962 5.98012132934305
2026-08-12T13:44:00.000 5340.098124119330 3699.755545367350 1975.190489020790 -4.23324813621130 3.11032384825396 5.58610277119666
2026-08-12T13:48:00.000 4141.726536471440 4302.188594334200 3227.217559203680 -5.69200863615523 1.87923243483498 4.78339822009569
2026-08-12T13:52:00.000 2641.256263926050 4590.827885762890 4243.188074588410 -6.73528209727668 0.51147644052569 3.63113530425657
2026-08-12T13:56:00.000 948.210491238452 4544.772271868180 4948.932349656870 -7.28704671387468 -0.89276390629051 2.21414052774892
2026-08-12T14:00:00.000 -813.935028813713 4167.592250887600 5293.082153292160 -7.30772259372561 -2.23105038421300 0.63635277197458
2026-08-12T14:04:00.000 -2516.835653494810 3486.943497397040 5250.720345768290 -6.79642595103890 -3.40629094760214 -0.98710135336620
2026-08-12T14:08:00.000 -4036.561003059580 2552.479503527990 4825.087026940990 -5.79060406712504 -4.33329864958250 -2.53806252275990
2026-08-12T14:12:00.000 -5262.542296170890 1432.260931413550 4047.322452899340 -4.36352497270419 -4.94482075251758 -3.90357665015894
2026-08-12T14:16:00.000 -6105.604598525510 207.824525726219 2974.225438248810 -2.61913613318616 -5.19648443063231 -4.98408980494848
2026-08-12T14:20:00.000 -6504.488382742660 -1031.733363966160 1684.139706549840 -0.68473669548863 -5.07009853203438 -5.70073987521894
2026-08-12T14:24:00.000 -6430.381896561220 -2196.270504799160 271.234293184588 1.29824859481143 -4.57522775251898 -6.00137407172598
2026-08-12T14:28:00.000 -5889.051571001250 -3201.239743449310 -1161.447024292720 3.18496243787241 -3.74862709478589 -5.86468104037410
2026-08-12T14:32:00.000 -4920.328153990160 -3973.898588188160 -2509.623414952180 4.83818347461074 -2.65127036916750 -5.30167476158418
2026-08-12T14:36:00.000 -3595.017591224090 -4458.586235106130 -3675.444266361010 6.13861366340228 -1.36356078408015 -4.35451285354557
2026-08-12T14:40:00.000 -2009.538168056900 -4620.643991852600 -4574.570695513620 6.99333345173608 0.02098794812765 -3.09285573063189
2026-08-12T14:44:00.000 -278.800967788146 -4448.743736687700 -5142.146264648190 7.34196848547339 1.40266475346123 -1.60834832410024
2026-08-12T14:48:00.000 1472.076218356190 -3955.528328565410 -5337.278595372640 7.16022360421742 2.68255116137446 -0.00786223980407
2026-08-12T14:52:00.000 3116.617269435710 -3176.618079979030 -5145.819948474990 6.46108052060284 3.76915240893523 1.59386889546554
2026-08-12T14:56:00.000 4535.851640731120 -2168.094535116570 -4581.339346416120 5.29376826538615 4.58438542185288 3.08187220895050
2026-08-12T15:00:00.000 5626.700603831430 -1002.637329962260 -3684.268751868560 3.74083956032121 5.06884333010041 4.34852992240226
2026-08-12T15:04:00.000 6309.417690334170 235.514921730741 -2519.230836622930 1.91316601929982 5.18624159249904 5.30109899119242
2026-08-12T15:08:00.000 6533.573314014490 1456.518302674890 -1170.610798955950 -0.05719001396394 4.92657342935005 5.86873491147817
2026-08-12T15:12:00.000 6282.059510969370 2571.454524095210 263.443900950618 -2.02635909482512 4.30760923860761 6.00845496297431
2026-08-12T15:16:00.000 5572.619629674270 3498.930440777510 1678.217551901080 -3.84963938797081 3.37394039311170 5.70890992656901
2026-08-12T15:20:00.000 4456.708622867920 4171.182608921010 2970.218828962800 -5.39267460920447 2.19385135882420 4.99164151460942
2026-08-12T15:24:00.000 3015.706346307270 4539.170043462900 4044.939976721370 -6.54207409355920 0.85403510832354 3.90946075905986
2026-08-12T15:28:00.000 1354.805416191470 4576.187295432300 4823.891856106470 -7.21400747598229 -0.54729823560006 2.54211321068817
2026-08-12T15:32:00.000 -404.837117670363 4279.737574710640 5250.330131654720 -7.35998732973880 -1.90786018316641 0.98991041143850
2026-08-12T15:36:00.000 -2135.010478340940 3671.617104877230 5293.325280476050 -6.97004341633401 -3.12874619214038 -0.63368196444505
2026-08-12T15:40:00.000 -3709.789229779250 2796.230101831310 4949.917368096180 -6.07296784638376 -4.12154743609573 -2.21045489574191
2026-08-12T15:44:00.000 -5014.602778032460 1717.336726959190 4245.262038073320 -4.73407262569312 -4.81429585106384 -3.62567670407965
2026-08-12T15:48:00.000 -5954.527608011640 513.468834738553 3230.821570188200 -3.05083468036891 -5.15664510298949 -4.77617870497900
2026-08-12T15:52:00.000 -6461.237425026050 -727.763496685822 1980.659607492930 -1.14607211734885 -5.12379311050091 -5.57799215056947
2026-08-12T15:56:00.000 -6498.039633458910 -1916.076120249860 586.035279808821 0.84102073082925 -4.71842079597706 -5.97269252360819
2026-08-12T16:00:00.000 -6062.595226069060 -2965.149253231470 -851.310922096616 2.76519303167165 -3.97068925960122 -5.93195660317150
2026-08-12T16:04:00.000 -5187.032682958270 -3798.984468066280 -2226.700568939180 4.48632274445749 -2.93586723888038 -5.45973966942945
2026-08-12T16:08:00.000 -3935.428290701740 -4357.433486676400 -3440.236197888330 5.87993778790916 -1.68989280509845 -4.59160908486799
2026-08-12T16:12:00.000 -2398.932867565120 -4600.476112077480 -4404.063826793660 6.84623474777559 -0.32346665789648 -3.39164783322515
2026-08-12T16:16:00.000 -688.990036022634 -4510.942628713710 -5048.623337383850 7.31679095322113 1.06486083677356 -1.94720805643013
2026-08-12T16:20:00.000 1070.731639232380 -4095.565766214180 -5327.471711808170 7.25865397467962 2.37559972482080 -0.36243318796460
2026-08-12T16:24:00.000 2753.111363789760 -3384.390451777550 -5220.453111639020 6.67609722224845 3.51504613959271 1.24900490444312
2026-08-12T16:28:00.000 4236.497114372810 -2428.633583225470 -4735.081654717620 5.61017553908603 4.40145303274544 2.77148232558474
2026-08-12T16:32:00.000 5413.270542966960 -1297.140077107390 -3906.083383760010 4.13618900529140 4.97051201863653 4.09513472677741
2026-08-12T16:36:00.000 6197.556617409920 -71.624518669083 -2793.103208766750 2.35909594105276 5.17996934790372 5.12338964795063
2026-08-12T16:40:00.000 6531.592322064670 1159.067865912080 -1476.656266258660 0.40693067946441 5.01313965846255 5.78004171373256
2026-08-12T16:44:00.000 6390.248110477310 2305.374841221540 -52.459893859249 -1.57805243629405 4.48088636765582 6.01553561401589
2026-08-12T16:48:00.000 5783.183611018970 3283.644997422570 1375.543976628880 -3.45009258482203 3.62135683048753 5.81142154972687
2026-08-12T16:52:00.000 4754.320643177630 4022.411093676660 2702.919650216210 -5.07130125243641 2.49730413706686 5.18209554040608
2026-08-12T16:56:00.000 3378.640204186080 4467.754765979360 3832.556373793770 -6.32242995471906 1.19124776200441 4.17380170635785
2026-08-12T17:00:00.000 1756.570475760430 4587.298335380320 4681.916951166000 -7.11200999212591 -0.20100585634220 2.86090340786665
2026-08-12T17:04:00.000 6.470348553143 4372.519773799830 5189.098287939480 -7.38293419233501 -1.57771693066605 1.33985199813105
2026-08-12T17:08:00.000 -1744.114925818380 3839.274115311450 5317.270878168770 -7.11612983138739 -2.83872043712089 -0.27815815319414
2026-08-12T17:12:00.000 -3367.745917400630 3026.546057781970 5057.264886281110 -6.33150572980680 -3.89258224985077 -1.87519734213699
2026-08-12T17:16:00.000 -4746.303126025260 1993.563905591200 4428.177247141770 -5.08631936438117 -4.66300756279669 -3.33504940711965
2026-08-12T17:20:00.000 -5779.510678329660 815.515308342664 3475.970237991560 -3.47118259681654 -5.09409940170641 -4.55138111318553
2026-08-12T17:24:00.000 -6392.241863809820 -421.879021791912 2270.160223889350 -1.60382048710695 -5.15454357514428 -5.43545362307833
2026-08-12T17:28:00.000 -6540.059622284480 -1628.605392834760 898.769567721542 0.37931772052927 -4.84015977552260 -5.92279807916042
2026-08-12T17:32:00.000 -6212.510183186300 -2716.974020480240 -538.143104966555 2.33327399458276 -4.17437988176059 -5.97822473177848
2026-08-12T17:36:00.000 -5433.857223493370 -3608.080789325140 -1935.884883178470 4.11556525163836 -3.20649720919746 -5.59855936634311
2026-08-12T17:40:00.000 -4261.163589455590 -4237.573962523040 -3192.873002446130 5.59706647175640 -2.00767680927677 -4.81264770489099
2026-08-12T17:44:00.000 -2779.916346966180 -4560.259223673070 -4218.045574985520 6.67144245401950 -0.66534681378805 -3.67868720972649
2026-08-12T17:48:00.000 -1097.636539203640 -4553.212647394420 -4937.372526504690 7.26241977080447 0.72349218593416 -2.27945966338422
2026-08-12T17:52:00.000 663.954082859688 -4217.242905918850 -5299.017262312950 7.32849840542579 2.05922012578006 -0.71599509395534
2026-08-12T17:56:00.000 2377.593257194550 -3576.703919618500 -5276.878344034870 6.86520386827871 3.24634019913549 0.89949901561405
